885876	169	4721713000000000000	1171	xxx4721713000000000000
885877	169	7721238100000000000	1205	xxx7721238100000000000
885878	169	1096972600000000000	91	xxx1096972600000000000
885879	169	5911270800000000000	578	xxx5911270800000000000
885880	169	1591826000000000000	359	xxx1591826000000000000
885881	169	1226851320000000000	614	xxx1226851320000000000
885882	169	1057585200000000000	375	xxx1057585200000000000
885883	169	6557120000000000000	463	xxx6557120000000000000
885884	169	7893881000000000000	1194	xxx7893881000000000000
885885	169	2351023000000000000	767	xxx2351023000000000000
885886	169	6959360000000000000	175	xxx6959360000000000000
885887	169	1112122911000000000	285	xxx1112122911000000000
885888	169	7841136000000000000	241	xxx7841136000000000000
885889	169	8882513000000000000	691	xxx8882513000000000000
885890	169	9651117000000000000	694	xxx9651117000000000000
885891	169	5111287000000000000	1128	xxx5111287000000000000
885892	169	9787331000000000000	889	xxx9787331000000000000
885893	169	8039212400000000000	1083	xxx8039212400000000000
885894	169	5842591000000000000	1065	xxx5842591000000000000
885895	169	1088581000000000000	1037	xxx1088581000000000000
885896	169	1353141100000000000	695	xxx1353141100000000000
885897	169	9932357000000000000	132	xxx9932357000000000000
885898	169	4487210000000000000	195	xxx4487210000000000000
885899	169	7923881400000000000	1181	xxx7923881400000000000
885900	169	4530200000000000000	1146	xxx4530200000000000000
648259	129	8195191800000000000	714	xxx8195191800000000000
648260	129	5092338000000000000	444	xxx5092338000000000000
648261	129	3206822600000000000	236	xxx3206822600000000000
648262	129	1584195000000000000	545	xxx1584195000000000000
648263	129	4682790000000000000	524	xxx4682790000000000000
648264	129	8461793000000000000	842	xxx8461793000000000000
648265	129	6913211000000000000	762	xxx6913211000000000000
648266	129	1063489100000000000	483	xxx1063489100000000000
648267	129	1431077300000000000	572	xxx1431077300000000000
648268	129	3185163000000000000	613	xxx3185163000000000000
648269	129	4988350000000000000	528	xxx4988350000000000000
648270	129	7205460000000000000	291	xxx7205460000000000000
648271	129	8731940000000000000	819	xxx8731940000000000000
648272	129	4054517000000000000	821	xxx4054517000000000000
648273	129	7923140000000000000	666	xxx7923140000000000000
648274	129	2782453400000000000	169	xxx2782453400000000000
648275	129	1038823700000000000	782	xxx1038823700000000000
648276	129	5214613000000000000	139	xxx5214613000000000000
648277	129	9476187000000000000	437	xxx9476187000000000000
648278	129	4891447000000000000	484	xxx4891447000000000000
648279	129	9607420000000000000	278	xxx9607420000000000000
648280	129	9542428000000000000	158	xxx9542428000000000000
648281	129	2019711100000000000	716	xxx2019711100000000000
648282	129	7648422000000000000	874	xxx7648422000000000000
648283	129	2541736000000000000	125	xxx2541736000000000000
648284	129	5419893000000000000	396	xxx5419893000000000000
648285	129	2451229000000000000	203	xxx2451229000000000000
648286	129	8743141900000000000	372	xxx8743141900000000000
648287	129	1769232000000000000	678	xxx1769232000000000000
648288	129	2846952000000000000	779	xxx2846952000000000000
648289	129	8808156000000000000	606	xxx8808156000000000000
648290	129	1033741000000000000	279	xxx1033741000000000000
648291	129	7842962000000000000	102	xxx7842962000000000000
648292	129	2338987000000000000	257	xxx2338987000000000000
648293	129	2992361000000000000	58	xxx2992361000000000000
648294	129	8063932100000000000	874	xxx8063932100000000000
648295	129	9544131100000000000	158	xxx9544131100000000000
648296	129	3934271800000000000	14	xxx3934271800000000000
648297	129	2168231000000000000	683	xxx2168231000000000000
648298	129	6458410000000000000	483	xxx6458410000000000000
648299	129	1005329230000000000	32	xxx1005329230000000000
648300	129	4051748000000000000	821	xxx4051748000000000000
648301	129	5183721700000000000	825	xxx5183721700000000000
648302	129	2453432000000000000	203	xxx2453432000000000000
648303	129	9236823400000000000	680	xxx9236823400000000000
648304	129	3966821500000000000	247	xxx3966821500000000000
648305	129	4287821100000000000	385	xxx4287821100000000000
648306	129	7032459000000000000	443	xxx7032459000000000000
648307	129	7252901100000000000	444	xxx7252901100000000000
648308	129	8822554000000000000	819	xxx8822554000000000000
648309	129	7544132000000000000	149	xxx7544132000000000000
648310	129	9338112900000000000	181	xxx9338112900000000000
648311	129	4236215000000000000	70	xxx4236215000000000000
648312	129	7751140000000000000	666	xxx7751140000000000000
648313	129	5531023100000000000	10	xxx5531023100000000000
648314	129	7875411000000000000	386	xxx7875411000000000000
648315	129	7381063300000000000	453	xxx7381063300000000000
648316	129	6265312000000000000	607	xxx6265312000000000000
648317	129	2280028000000000000	409	xxx2280028000000000000
648318	129	9711008500000000000	727	xxx9711008500000000000
648319	129	2910409000000000000	128	xxx2910409000000000000
648320	129	5419350000000000000	396	xxx5419350000000000000
648321	129	2552701500000000000	823	xxx2552701500000000000
648322	129	4242151100000000000	895	xxx4242151100000000000
648323	129	1735391800000000000	744	xxx1735391800000000000
648324	129	3625414000000000000	736	xxx3625414000000000000
648325	129	2607340000000000000	286	xxx2607340000000000000
648326	129	9414222600000000000	846	xxx9414222600000000000
648327	129	9967272500000000000	556	xxx9967272500000000000
648328	129	6907317000000000000	151	xxx6907317000000000000
648329	129	8989005300000000000	264	xxx8989005300000000000
648330	129	8418021000000000000	483	xxx8418021000000000000
648331	129	2412781700000000000	152	xxx2412781700000000000
648332	129	1036951700000000000	782	xxx1036951700000000000
648333	129	8046994000000000000	363	xxx8046994000000000000
648334	129	5510272700000000000	687	xxx5510272700000000000
648335	129	2846592000000000000	779	xxx2846592000000000000
648336	129	1027201200000000000	714	xxx1027201200000000000
648337	129	4278232200000000000	32	xxx4278232200000000000
648338	129	3439612000000000000	235	xxx3439612000000000000
648339	129	6767730000000000000	652	xxx6767730000000000000
648340	129	9282422000000000000	680	xxx9282422000000000000
648341	129	3349320000000000000	496	xxx3349320000000000000
648342	129	6276420000000000000	872	xxx6276420000000000000
648343	129	4011063300000000000	480	xxx4011063300000000000
648344	129	7291241200000000000	102	xxx7291241200000000000
648345	129	2342052300000000000	126	xxx2342052300000000000
648346	129	1246911200000000000	114	xxx1246911200000000000
648347	129	2824254900000000000	180	xxx2824254900000000000
648348	129	8982773000000000000	264	xxx8982773000000000000
648349	129	2774001900000000000	541	xxx2774001900000000000
648350	129	1023393300000000000	11	xxx1023393300000000000
648351	129	7838970000000000000	762	xxx7838970000000000000
648352	129	4662344000000000000	122	xxx4662344000000000000
648353	129	2374320000000000000	760	xxx2374320000000000000
648354	129	1598667000000000000	636	xxx1598667000000000000
648355	129	8896593700000000000	762	xxx8896593700000000000
648356	129	2418244000000000000	186	xxx2418244000000000000
648357	129	6411951100000000000	444	xxx6411951100000000000
648358	129	9331685000000000000	874	xxx9331685000000000000
648359	129	9218292100000000000	875	xxx9218292100000000000
648360	129	8718980000000000000	11	xxx8718980000000000000
648361	129	5537600000000000000	714	xxx5537600000000000000
648362	129	8561695000000000000	612	xxx8561695000000000000
648363	129	5423100000000000000	750	xxx5423100000000000000
648364	129	4139331200000000000	169	xxx4139331200000000000
648365	129	4279182200000000000	32	xxx4279182200000000000
648366	129	6017730000000000000	652	xxx6017730000000000000
648367	129	3956260000000000000	79	xxx3956260000000000000
648368	129	4006932100000000000	560	xxx4006932100000000000
648369	129	1293063000000000000	185	xxx1293063000000000000
648370	129	1100309700000000000	533	xxx1100309700000000000
648371	129	7453621000000000000	735	xxx7453621000000000000
648372	129	8596219000000000000	396	xxx8596219000000000000
648373	129	2334012800000000000	452	xxx2334012800000000000
648374	129	7295360000000000000	446	xxx7295360000000000000
648375	129	1718991100000000000	40	xxx1718991100000000000
648376	129	4132821100000000000	169	xxx4132821100000000000
648377	129	6937340000000000000	286	xxx6937340000000000000
648378	129	1040690140000000000	137	xxx1040690140000000000
648379	129	8465413200000000000	842	xxx8465413200000000000
648380	129	2064052000000000000	819	xxx2064052000000000000
648381	129	4697389000000000000	444	xxx4697389000000000000
648382	129	5740000000000000000	560	xxx5740000000000000000
648383	129	4139851600000000000	86	xxx4139851600000000000
648384	129	2774199000000000000	541	xxx2774199000000000000
648385	129	2415163000000000000	613	xxx2415163000000000000
648386	129	7324535000000000000	168	xxx7324535000000000000
648387	129	8049992100000000000	363	xxx8049992100000000000
648388	129	4657272000000000000	55	xxx4657272000000000000
648389	129	4001824200000000000	560	xxx4001824200000000000
648390	129	6992710000000000000	250	xxx6992710000000000000
648391	129	6255153600000000000	66	xxx6255153600000000000
648392	129	5606260000000000000	607	xxx5606260000000000000
648393	129	8284061000000000000	736	xxx8284061000000000000
648394	129	9717125000000000000	727	xxx9717125000000000000
648395	129	8288003900000000000	398	xxx8288003900000000000
648396	129	9586769000000000000	643	xxx9586769000000000000
648397	129	2606136000000000000	286	xxx2606136000000000000
648398	129	8533161900000000000	876	xxx8533161900000000000
648399	129	5065750000000000000	643	xxx5065750000000000000
648400	129	1353292100000000000	34	xxx1353292100000000000
648401	129	7380450000000000000	638	xxx7380450000000000000
648402	129	9921013000000000000	598	xxx9921013000000000000
648403	129	9755570000000000000	680	xxx9755570000000000000
648404	129	2964660000000000000	122	xxx2964660000000000000
648405	129	2450080000000000000	866	xxx2450080000000000000
648406	129	6912841700000000000	762	xxx6912841700000000000
648407	129	9536953700000000000	762	xxx9536953700000000000
648408	129	6828982000000000000	262	xxx6828982000000000000
648409	129	7519750000000000000	680	xxx7519750000000000000
648410	129	2056902000000000000	149	xxx2056902000000000000
648411	129	5712214000000000000	560	xxx5712214000000000000
648412	129	5271019400000000000	511	xxx5271019400000000000
648413	129	9885191800000000000	714	xxx9885191800000000000
648414	129	8771122700000000000	612	xxx8771122700000000000
648415	129	1947841600000000000	86	xxx1947841600000000000
648416	129	2119580000000000000	355	xxx2119580000000000000
648417	129	1561033230000000000	256	xxx1561033230000000000
648418	129	1224162800000000000	574	xxx1224162800000000000
648419	129	8777326000000000000	612	xxx8777326000000000000
648420	129	4271992400000000000	32	xxx4271992400000000000
648421	129	7323241000000000000	168	xxx7323241000000000000
648422	129	2651002210000000000	409	xxx2651002210000000000
648423	129	2831840000000000000	609	xxx2831840000000000000
648424	129	1002536140000000000	430	xxx1002536140000000000
648425	129	1011265290000000000	876	xxx1011265290000000000
648426	129	6764982800000000000	652	xxx6764982800000000000
648427	129	2933952800000000000	503	xxx2933952800000000000
648428	129	8001088000000000000	152	xxx8001088000000000000
648429	129	6327430000000000000	762	xxx6327430000000000000
648430	129	8823312000000000000	819	xxx8823312000000000000
648431	129	6763206000000000000	230	xxx6763206000000000000
648432	129	4052052000000000000	335	xxx4052052000000000000
648433	129	6936641000000000000	581	xxx6936641000000000000
648434	129	4026993800000000000	212	xxx4026993800000000000
648435	129	1632995000000000000	286	xxx1632995000000000000
648436	129	2962960000000000000	122	xxx2962960000000000000
648437	129	5311220000000000000	619	xxx5311220000000000000
648438	129	1039332600000000000	753	xxx1039332600000000000
648439	129	9786761000000000000	229	xxx9786761000000000000
648440	129	8753326000000000000	753	xxx8753326000000000000
648441	129	7376920000000000000	427	xxx7376920000000000000
648442	129	2429183000000000000	24	xxx2429183000000000000
648443	129	8962761000000000000	841	xxx8962761000000000000
648444	129	8592622500000000000	396	xxx8592622500000000000
648445	129	9211096100000000000	875	xxx9211096100000000000
648446	129	8583933000000000000	11	xxx8583933000000000000
648447	129	5608565000000000000	607	xxx5608565000000000000
648448	129	1934621000000000000	503	xxx1934621000000000000
648449	129	9494282200000000000	363	xxx9494282200000000000
648450	129	7374191600000000000	534	xxx7374191600000000000
648451	129	4168804000000000000	602	xxx4168804000000000000
648452	129	6861241200000000000	102	xxx6861241200000000000
648453	129	7459280000000000000	735	xxx7459280000000000000
648454	129	8235914000000000000	511	xxx8235914000000000000
648455	129	5642012000000000000	714	xxx5642012000000000000
648456	129	4225002000000000000	872	xxx4225002000000000000
648457	129	8742556000000000000	372	xxx8742556000000000000
648458	129	8537512800000000000	652	xxx8537512800000000000
648459	129	1414015000000000000	844	xxx1414015000000000000
648460	129	1734197000000000000	131	xxx1734197000000000000
648461	129	6822602400000000000	262	xxx6822602400000000000
648462	129	4988900000000000000	680	xxx4988900000000000000
648463	129	2882715000000000000	518	xxx2882715000000000000
648464	129	2249001600000000000	301	xxx2249001600000000000
648465	129	5452411300000000000	139	xxx5452411300000000000
648466	129	2210022100000000000	409	xxx2210022100000000000
648467	129	9477036000000000000	437	xxx9477036000000000000
648468	129	1826674000000000000	602	xxx1826674000000000000
648469	129	9174191600000000000	534	xxx9174191600000000000
648470	129	7373096000000000000	534	xxx7373096000000000000
648471	129	5156860000000000000	102	xxx5156860000000000000
648472	129	2052782000000000000	149	xxx2052782000000000000
648473	129	2068820000000000000	819	xxx2068820000000000000
648474	129	7879351000000000000	386	xxx7879351000000000000
648475	129	9284062000000000000	735	xxx9284062000000000000
648476	129	4907200000000000000	876	xxx4907200000000000000
648477	129	8009332900000000000	152	xxx8009332900000000000
648478	129	8742522000000000000	484	xxx8742522000000000000
648479	129	9881571300000000000	714	xxx9881571300000000000
648480	129	3341913000000000000	125	xxx3341913000000000000
648481	129	1060939170000000000	533	xxx1060939170000000000
648482	129	4578515000000000000	97	xxx4578515000000000000
648483	129	2410773200000000000	570	xxx2410773200000000000
648484	129	4813096000000000000	534	xxx4813096000000000000
648485	129	3369110000000000000	125	xxx3369110000000000000
648486	129	6377670000000000000	825	xxx6377670000000000000
648487	129	7272991000000000000	57	xxx7272991000000000000
648488	129	6528581000000000000	10	xxx6528581000000000000
648489	129	8048988000000000000	256	xxx8048988000000000000
648490	129	2954892000000000000	482	xxx2954892000000000000
648491	129	6415862600000000000	444	xxx6415862600000000000
648492	129	4058987000000000000	257	xxx4058987000000000000
648493	129	2507433000000000000	759	xxx2507433000000000000
648494	129	7009230000000000000	680	xxx7009230000000000000
648495	129	9556631000000000000	533	xxx9556631000000000000
648496	129	2628001600000000000	421	xxx2628001600000000000
648497	129	6326018000000000000	644	xxx6326018000000000000
648498	129	9147600000000000000	714	xxx9147600000000000000
648499	129	1035461500000000000	137	xxx1035461500000000000
648500	129	8986932200000000000	264	xxx8986932200000000000
648501	129	4048730000000000000	122	xxx4048730000000000000
648502	129	1935278000000000000	503	xxx1935278000000000000
648503	129	9961431600000000000	556	xxx9961431600000000000
648504	129	3346280000000000000	496	xxx3346280000000000000
648505	129	2058179000000000000	149	xxx2058179000000000000
648506	129	1182012900000000000	687	xxx1182012900000000000
648507	129	8239180000000000000	54	xxx8239180000000000000
648508	129	6952552400000000000	799	xxx6952552400000000000
648509	129	7667270000000000000	483	xxx7667270000000000000
648510	129	1589961100000000000	545	xxx1589961100000000000
648511	129	9751187000000000000	680	xxx9751187000000000000
648512	129	2368560000000000000	612	xxx2368560000000000000
648513	129	2554812000000000000	378	xxx2554812000000000000
648514	129	8005097000000000000	437	xxx8005097000000000000
648515	129	2818716000000000000	609	xxx2818716000000000000
648516	129	1498741400000000000	358	xxx1498741400000000000
648517	129	6623934000000000000	10	xxx6623934000000000000
648518	129	8275411000000000000	533	xxx8275411000000000000
648519	129	8461216000000000000	842	xxx8461216000000000000
648520	129	1946241400000000000	86	xxx1946241400000000000
648521	129	2454180000000000000	866	xxx2454180000000000000
648522	129	3241321000000000000	65	xxx3241321000000000000
648523	129	4664191600000000000	122	xxx4664191600000000000
648524	129	1742351300000000000	829	xxx1742351300000000000
648525	129	5336341000000000000	483	xxx5336341000000000000
648526	129	1060581100000000000	533	xxx1060581100000000000
648527	129	1147032700000000000	416	xxx1147032700000000000
648528	129	3063965900000000000	188	xxx3063965900000000000
648529	129	4192936000000000000	550	xxx4192936000000000000
648530	129	1138602100000000000	889	xxx1138602100000000000
648531	129	7439530000000000000	762	xxx7439530000000000000
648532	129	4253207000000000000	229	xxx4253207000000000000
648533	129	6902830000000000000	606	xxx6902830000000000000
648534	129	7827331000000000000	396	xxx7827331000000000000
648535	129	6280620000000000000	872	xxx6280620000000000000
648536	129	7828403300000000000	396	xxx7828403300000000000
648537	129	8394023100000000000	181	xxx8394023100000000000
648538	129	6591143000000000000	799	xxx6591143000000000000
648539	129	1733321500000000000	744	xxx1733321500000000000
648540	129	8982421300000000000	11	xxx8982421300000000000
648541	129	9337220000000000000	874	xxx9337220000000000000
648542	129	3168536000000000000	646	xxx3168536000000000000
648543	129	5397830000000000000	762	xxx5397830000000000000
648544	129	3095072600000000000	540	xxx3095072600000000000
648545	129	1144692800000000000	416	xxx1144692800000000000
648546	129	3961044180000000000	247	xxx3961044180000000000
648547	129	2998042700000000000	336	xxx2998042700000000000
648548	129	7275351000000000000	57	xxx7275351000000000000
648549	129	9211131400000000000	875	xxx9211131400000000000
648550	129	4191641700000000000	550	xxx4191641700000000000
648551	129	9359893000000000000	396	xxx9359893000000000000
648552	129	8838232700000000000	484	xxx8838232700000000000
648553	129	8421683000000000000	876	xxx8421683000000000000
648554	129	1235815000000000000	529	xxx1235815000000000000
648555	129	6647380000000000000	102	xxx6647380000000000000
648556	129	3165720000000000000	646	xxx3165720000000000000
648557	129	6198991100000000000	40	xxx6198991100000000000
648558	129	1163329000000000000	750	xxx1163329000000000000
648559	129	9396933100000000000	550	xxx9396933100000000000
648560	129	7371581100000000000	534	xxx7371581100000000000
648561	129	9965272700000000000	484	xxx9965272700000000000
648562	129	1997271000000000000	56	xxx1997271000000000000
648563	129	8414614000000000000	138	xxx8414614000000000000
648564	129	2420520000000000000	368	xxx2420520000000000000
648565	129	7121008000000000000	732	xxx7121008000000000000
648566	129	1189142700000000000	687	xxx1189142700000000000
648567	129	7036374000000000000	821	xxx7036374000000000000
648568	129	6906253000000000000	63	xxx6906253000000000000
648569	129	7401061000000000000	714	xxx7401061000000000000
648570	129	9061061000000000000	714	xxx9061061000000000000
648571	129	2995533100000000000	683	xxx2995533100000000000
648572	129	2843930000000000000	779	xxx2843930000000000000
648573	129	2322742000000000000	209	xxx2322742000000000000
648574	129	7832841700000000000	762	xxx7832841700000000000
648575	129	1043275000000000000	11	xxx1043275000000000000
648576	129	2363310000000000000	612	xxx2363310000000000000
648577	129	6948532000000000000	874	xxx6948532000000000000
648578	129	3432010000000000000	235	xxx3432010000000000000
648579	129	3323214000000000000	759	xxx3323214000000000000
648580	129	1033614300000000000	279	xxx1033614300000000000
648581	129	6341321900000000000	484	xxx6341321900000000000
648582	129	4881044900000000000	256	xxx4881044900000000000
648583	129	1002601900000000000	643	xxx1002601900000000000
648584	129	6173360000000000000	607	xxx6173360000000000000
648585	129	6287338000000000000	781	xxx6287338000000000000
648586	129	9284641800000000000	735	xxx9284641800000000000
648587	129	1636136000000000000	286	xxx1636136000000000000
648588	129	8713933000000000000	11	xxx8713933000000000000
648589	129	3931352000000000000	14	xxx3931352000000000000
648590	129	4652860000000000000	55	xxx4652860000000000000
648591	129	1004283110000000000	138	xxx1004283110000000000
648592	129	8152901900000000000	612	xxx8152901900000000000
648593	129	2191431000000000000	683	xxx2191431000000000000
648594	129	1946641600000000000	86	xxx1946641600000000000
648595	129	7928150000000000000	720	xxx7928150000000000000
648596	129	7878839000000000000	386	xxx7878839000000000000
648597	129	2156431000000000000	683	xxx2156431000000000000
648598	129	8277121000000000000	533	xxx8277121000000000000
648599	129	2203672300000000000	778	xxx2203672300000000000
648600	129	1206862600000000000	76	xxx1206862600000000000
648601	129	8257291800000000000	84	xxx8257291800000000000
648602	129	2952111000000000000	128	xxx2952111000000000000
648603	129	7479992100000000000	363	xxx7479992100000000000
648604	129	7273672300000000000	581	xxx7273672300000000000
648605	129	5368775000000000000	607	xxx5368775000000000000
648606	129	6251517000000000000	85	xxx6251517000000000000
648607	129	1004875170000000000	736	xxx1004875170000000000
648608	129	2573830000000000000	99	xxx2573830000000000000
648609	129	6326910000000000000	762	xxx6326910000000000000
648610	129	4225412000000000000	872	xxx4225412000000000000
648611	129	7036654000000000000	821	xxx7036654000000000000
648612	129	3410313000000000000	24	xxx3410313000000000000
648613	129	9149880000000000000	714	xxx9149880000000000000
648614	129	9285570000000000000	680	xxx9285570000000000000
648615	129	3256821000000000000	713	xxx3256821000000000000
648616	129	6911735000000000000	126	xxx6911735000000000000
648617	129	7363260000000000000	638	xxx7363260000000000000
648618	129	4891101200000000000	484	xxx4891101200000000000
648619	129	9723967000000000000	51	xxx9723967000000000000
648620	129	2723360000000000000	251	xxx2723360000000000000
648621	129	9235533400000000000	680	xxx9235533400000000000
648622	129	7157700000000000000	720	xxx7157700000000000000
648623	129	3351630000000000000	613	xxx3351630000000000000
648624	129	2995414000000000000	870	xxx2995414000000000000
648625	129	4016344000000000000	480	xxx4016344000000000000
648626	129	7822213000000000000	396	xxx7822213000000000000
648627	129	1189882700000000000	687	xxx1189882700000000000
648628	129	2506593000000000000	759	xxx2506593000000000000
648629	129	8562411000000000000	612	xxx8562411000000000000
648630	129	1963720000000000000	823	xxx1963720000000000000
648631	129	1641077350000000000	567	xxx1641077350000000000
648632	129	8068422000000000000	874	xxx8068422000000000000
648633	129	1181061270000000000	687	xxx1181061270000000000
648634	129	8297672000000000000	823	xxx8297672000000000000
648635	129	5362901100000000000	444	xxx5362901100000000000
648636	129	9524272200000000000	10	xxx9524272200000000000
648637	129	9898003800000000000	399	xxx9898003800000000000
648638	129	2423223000000000000	186	xxx2423223000000000000
648639	129	4979650000000000000	528	xxx4979650000000000000
648640	129	1152051000000000000	139	xxx1152051000000000000
648641	129	4939530000000000000	528	xxx4939530000000000000
648642	129	3292860000000000000	55	xxx3292860000000000000
648643	129	1008406500000000000	732	xxx1008406500000000000
648644	129	1004541400000000000	736	xxx1004541400000000000
648645	129	3933132200000000000	779	xxx3933132200000000000
648646	129	2704970000000000000	838	xxx2704970000000000000
648647	129	9671231000000000000	528	xxx9671231000000000000
648648	129	5320550000000000000	144	xxx5320550000000000000
648649	129	2417325000000000000	613	xxx2417325000000000000
648650	129	9776862600000000000	76	xxx9776862600000000000
648651	129	6653721700000000000	825	xxx6653721700000000000
648652	129	1248738000000000000	114	xxx1248738000000000000
648653	129	4056932900000000000	257	xxx4056932900000000000
648654	129	2331632900000000000	257	xxx2331632900000000000
648655	129	7844042000000000000	102	xxx7844042000000000000
648656	129	4192420000000000000	550	xxx4192420000000000000
648657	129	5797000000000000000	680	xxx5797000000000000000
648658	129	9994281000000000000	384	xxx9994281000000000000
648659	129	3310191900000000000	496	xxx3310191900000000000
648660	129	2821223200000000000	180	xxx2821223200000000000
648661	129	4898020000000000000	484	xxx4898020000000000000
648662	129	6762332700000000000	230	xxx6762332700000000000
648663	129	7129650000000000000	291	xxx7129650000000000000
648664	129	6182831100000000000	138	xxx6182831100000000000
648665	129	5839771000000000000	66	xxx5839771000000000000
648666	129	4899530000000000000	484	xxx4899530000000000000
648667	129	9897328000000000000	399	xxx9897328000000000000
648668	129	1981739000000000000	122	xxx1981739000000000000
648669	129	5393211000000000000	762	xxx5393211000000000000
648670	129	4245411000000000000	524	xxx4245411000000000000
648671	129	8417541100000000000	138	xxx8417541100000000000
648672	129	1229922400000000000	574	xxx1229922400000000000
648673	129	5814191600000000000	534	xxx5814191600000000000
648674	129	8536702800000000000	652	xxx8536702800000000000
648675	129	3325400000000000000	125	xxx3325400000000000000
648676	129	8421096000000000000	876	xxx8421096000000000000
648677	129	8116337000000000000	210	xxx8116337000000000000
648678	129	6939372000000000000	286	xxx6939372000000000000
648679	129	6632777000000000000	534	xxx6632777000000000000
648680	129	2995838000000000000	58	xxx2995838000000000000
648681	129	4195360000000000000	138	xxx4195360000000000000
648682	129	6330390000000000000	247	xxx6330390000000000000
648683	129	8565370000000000000	612	xxx8565370000000000000
648684	129	2062554000000000000	819	xxx2062554000000000000
648685	129	9521023100000000000	10	xxx9521023100000000000
648686	129	3678802000000000000	604	xxx3678802000000000000
648687	129	1737541800000000000	131	xxx1737541800000000000
648688	129	7548003000000000000	149	xxx7548003000000000000
648689	129	6652761700000000000	825	xxx6652761700000000000
648690	129	6761562600000000000	230	xxx6761562600000000000
648691	129	6864662000000000000	102	xxx6864662000000000000
648692	129	8987530000000000000	264	xxx8987530000000000000
648693	129	9752993000000000000	680	xxx9752993000000000000
648694	129	1031321100000000000	54	xxx1031321100000000000
648695	129	3132061800000000000	801	xxx3132061800000000000
648696	129	6219410000000000000	85	xxx6219410000000000000
648697	129	8298961800000000000	823	xxx8298961800000000000
648698	129	4985290000000000000	680	xxx4985290000000000000
648699	129	7661094100000000000	483	xxx7661094100000000000
648700	129	2356230000000000000	842	xxx2356230000000000000
648701	129	3956242100000000000	79	xxx3956242100000000000
648702	129	5847331000000000000	396	xxx5847331000000000000
648703	129	8061685000000000000	874	xxx8061685000000000000
648704	129	9812937000000000000	319	xxx9812937000000000000
648705	129	7842542300000000000	102	xxx7842542300000000000
648706	129	2706234000000000000	838	xxx2706234000000000000
648707	129	1062659200000000000	642	xxx1062659200000000000
648708	129	1063996100000000000	483	xxx1063996100000000000
648709	129	3961000140000000000	247	xxx3961000140000000000
648710	129	1096168300000000000	876	xxx1096168300000000000
648711	129	7214410000000000000	490	xxx7214410000000000000
648712	129	1004561000000000000	736	xxx1004561000000000000
648713	129	8199520000000000000	714	xxx8199520000000000000
648714	129	8394024000000000000	181	xxx8394024000000000000
648715	129	2487440000000000000	368	xxx2487440000000000000
648716	129	3952520000000000000	79	xxx3952520000000000000
648717	129	6568283000000000000	395	xxx6568283000000000000
648718	129	4226942000000000000	872	xxx4226942000000000000
648719	129	6591172100000000000	644	xxx6591172100000000000
648720	129	6270328000000000000	415	xxx6270328000000000000
648721	129	4889602200000000000	256	xxx4889602200000000000
648722	129	8099750000000000000	680	xxx8099750000000000000
648723	129	2335829000000000000	257	xxx2335829000000000000
648724	129	8825186000000000000	819	xxx8825186000000000000
648725	129	8971484000000000000	762	xxx8971484000000000000
648726	129	1005899190000000000	32	xxx1005899190000000000
648727	129	3931013000000000000	680	xxx3931013000000000000
648728	129	3171040150000000000	122	xxx3171040150000000000
648729	129	2334153000000000000	452	xxx2334153000000000000
648730	129	7354817000000000000	427	xxx7354817000000000000
648731	129	5024500000000000000	363	xxx5024500000000000000
648732	129	1571008500000000000	727	xxx1571008500000000000
648733	129	5454613000000000000	139	xxx5454613000000000000